referrer,views_total,views_unique
unity.com,136,30
github.com,134,54
Google,93,35
discussions.unity.com,20,3
Bing,6,5
docs.unity3d.com,6,3
linkedin.com,5,1
chatgpt.com,4,3
perplexity.ai,2,1
link.gitcode.com,1,1
