url_path,views_total,views_unique
/Unity-Technologies/ECS-Network-Racing-Sample,141,113
/Unity-Technologies/ECS-Network-Racing-Sample/tree/master/Assets,22,14
/Unity-Technologies/ECS-Network-Racing-Sample/tree/master/Assets/Scripts,16,8
/Unity-Technologies/ECS-Network-Racing-Sample/tree/master/Assets/Scripts/Gameplay,10,8
/Unity-Technologies/ECS-Network-Racing-Sample/tree/master,9,7
/Unity-Technologies/ECS-Network-Racing-Sample/tree/master/Assets/Scripts/Authoring,9,5
/Unity-Technologies/ECS-Network-Racing-Sample/tree/master/Assets/Scripts/Components,7,4
/Unity-Technologies/ECS-Network-Racing-Sample/issues/4,6,5
/Unity-Technologies/ECS-Network-Racing-Sample/tree/master/Packages,5,5
/Unity-Technologies/ECS-Network-Racing-Sample/tree/master/Assets/Scripts/Authoring/Car,5,4
